simulink
magasin
tdata=(1:84)';
korr=zeros(84,1);
elprod=[1176
1344
1472
1562
1510
1458
1526
1489
1379
1398
1363
1280
1336
1338
1290
1191
1357
1439
1441
1415
1439
1374
1356
1319
1120
1369
1585
1589
1772
1810
1644
1763
1845
1793
1623
1513
1487
1430
1358
1258
1435
1351
1464
1512
1621
1658
1670
1665
1674
1746
1752
1684
1641
1759
1851
1698
1824
1769
1610
1730
1807
1681
1624
1615
1531
1417
1328
1283
1214
1241
1303
1457
1406
1205
1169
1336
1155
1147
1160
1102
1304
1513
1369
1461];

tillrinn=[426
440
297
323
299
314
225
218
204
205
185
223
234
252
320
1281
3130
4418
3441
4051
4046
3862
2506
2356
2265
3772
2698
2959
4014
2797
1417
2413
2423
2814
1217
1113
986
647
514
548
1336
1054
1011
1644
1910
1773
1526
1567
1378
1513
794
716
649
573
452
420
336
322
522
404
260
252
308
170
159
401
417
300
986
2609
4108
4050
3105
2192
2833
3478
2775
1885
2032
2029
2615
2111
1494
2356];
